Grass,	Poison,	45,	49,	49,	65,	65,	45,	1,	0,	318
Grass,	Poison,	60,	62,	63,	80,	80,	60,	1,	0,	405
Grass,	Poison,	80,	82,	83,	100,	100,	80,	1,	0,	525
Grass,	Poison,	80,	100,	123,	122,	120,	80,	1,	0,	625
Fire,	Null,	39,	52,	43,	60,	50,	65,	1,	0,	309
Fire,	Null,	58,	64,	58,	80,	65,	80,	1,	0,	405
Fire,	Flying,	78,	84,	78,	109,	85,	100,	1,	0,	534
Fire,	Dragon,	78,	130,	111,	130,	85,	100,	1,	0,	634
Fire,	Flying,	78,	104,	78,	159,	115,	100,	1,	0,	634
Water,	Null,	44,	48,	65,	50,	64,	43,	1,	0,	314
Water,	Null,	59,	63,	80,	65,	80,	58,	1,	0,	405
Water,	Null,	79,	83,	100,	85,	105,	78,	1,	0,	530
Water,	Null,	79,	103,	120,	135,	115,	78,	1,	0,	630
Bug,	Null,	45,	30,	35,	20,	20,	45,	1,	0,	195
Bug,	Null,	50,	20,	55,	25,	25,	30,	1,	0,	205
Bug,	Flying,	60,	45,	50,	90,	80,	70,	1,	0,	395
Bug,	Poison,	40,	35,	30,	20,	20,	50,	1,	0,	195
Bug,	Poison,	45,	25,	50,	25,	25,	35,	1,	0,	205
Bug,	Poison,	65,	90,	40,	45,	80,	75,	1,	0,	395
Bug,	Poison,	65,	150,	40,	15,	80,	145,	1,	0,	495
Normal,	Flying,	40,	45,	40,	35,	35,	56,	1,	0,	251
Normal,	Flying,	63,	60,	55,	50,	50,	71,	1,	0,	349
Normal,	Flying,	83,	80,	75,	70,	70,	101,	1,	0,	479
Normal,	Flying,	83,	80,	80,	135,	80,	121,	1,	0,	579
Normal,	Null,	30,	56,	35,	25,	35,	72,	1,	0,	253
Normal,	Null,	55,	81,	60,	50,	70,	97,	1,	0,	413
Normal,	Flying,	40,	60,	30,	31,	31,	70,	1,	0,	262
Normal,	Flying,	65,	90,	65,	61,	61,	100,	1,	0,	442
Poison,	Null,	35,	60,	44,	40,	54,	55,	1,	0,	288
Poison,	Null,	60,	85,	69,	65,	79,	80,	1,	0,	438
Electric,	Null,	35,	55,	40,	50,	50,	90,	1,	0,	320
Electric,	Null,	60,	90,	55,	90,	80,	110,	1,	0,	485
Ground,	Null,	50,	75,	85,	20,	30,	40,	1,	0,	300
Ground,	Null,	75,	100,	110,	45,	55,	65,	1,	0,	450
Poison,	Null,	55,	47,	52,	40,	40,	41,	1,	0,	275
Poison,	Null,	70,	62,	67,	55,	55,	56,	1,	0,	365
Poison,	Ground,	90,	92,	87,	75,	85,	76,	1,	0,	505
Poison,	Null,	46,	57,	40,	40,	40,	50,	1,	0,	273
Poison,	Null,	61,	72,	57,	55,	55,	65,	1,	0,	365
Poison,	Ground,	81,	102,	77,	85,	75,	85,	1,	0,	505
Fairy,	Null,	70,	45,	48,	60,	65,	35,	1,	0,	323
Fairy,	Null,	95,	70,	73,	95,	90,	60,	1,	0,	483
Fire,	Null,	38,	41,	40,	50,	65,	65,	1,	0,	299
Fire,	Null,	73,	76,	75,	81,	100,	100,	1,	0,	505
Normal,	Fairy,	115,	45,	20,	45,	25,	20,	1,	0,	270
Normal,	Fairy,	140,	70,	45,	85,	50,	45,	1,	0,	435
Poison,	Flying,	40,	45,	35,	30,	40,	55,	1,	0,	245
Poison,	Flying,	75,	80,	70,	65,	75,	90,	1,	0,	455
Grass,	Poison,	45,	50,	55,	75,	65,	30,	1,	0,	320
Grass,	Poison,	60,	65,	70,	85,	75,	40,	1,	0,	395
Grass,	Poison,	75,	80,	85,	110,	90,	50,	1,	0,	490
Bug,	Grass,	35,	70,	55,	45,	55,	25,	1,	0,	285
Bug,	Grass,	60,	95,	80,	60,	80,	30,	1,	0,	405
Bug,	Poison,	60,	55,	50,	40,	55,	45,	1,	0,	305
Bug,	Poison,	70,	65,	60,	90,	75,	90,	1,	0,	450
Ground,	Null,	10,	55,	25,	35,	45,	95,	1,	0,	265
Ground,	Null,	35,	80,	50,	50,	70,	120,	1,	0,	405
Normal,	Null,	40,	45,	35,	40,	40,	90,	1,	0,	290
Normal,	Null,	65,	70,	60,	65,	65,	115,	1,	0,	440
Water,	Null,	50,	52,	48,	65,	50,	55,	1,	0,	320
Water,	Null,	80,	82,	78,	95,	80,	85,	1,	0,	500
Fighting,	Null,	40,	80,	35,	35,	45,	70,	1,	0,	305
Fighting,	Null,	65,	105,	60,	60,	70,	95,	1,	0,	455
Fire,	Null,	55,	70,	45,	70,	50,	60,	1,	0,	350
Fire,	Null,	90,	110,	80,	100,	80,	95,	1,	0,	555
Water,	Null,	40,	50,	40,	40,	40,	90,	1,	0,	300
Water,	Null,	65,	65,	65,	50,	50,	90,	1,	0,	385
Water,	Fighting,	90,	95,	95,	70,	90,	70,	1,	0,	510
Psychic,	Null,	25,	20,	15,	105,	55,	90,	1,	0,	310
Psychic,	Null,	40,	35,	30,	120,	70,	105,	1,	0,	400
Psychic,	Null,	55,	50,	45,	135,	95,	120,	1,	0,	500
Psychic,	Null,	55,	50,	65,	175,	95,	150,	1,	0,	590
Fighting,	Null,	70,	80,	50,	35,	35,	35,	1,	0,	305
Fighting,	Null,	80,	100,	70,	50,	60,	45,	1,	0,	405
Fighting,	Null,	90,	130,	80,	65,	85,	55,	1,	0,	505
Grass,	Poison,	50,	75,	35,	70,	30,	40,	1,	0,	300
Grass,	Poison,	65,	90,	50,	85,	45,	55,	1,	0,	390
Grass,	Poison,	80,	105,	65,	100,	70,	70,	1,	0,	490
Water,	Poison,	40,	40,	35,	50,	100,	70,	1,	0,	335
Water,	Poison,	80,	70,	65,	80,	120,	100,	1,	0,	515
Rock,	Ground,	40,	80,	100,	30,	30,	20,	1,	0,	300
Rock,	Ground,	55,	95,	115,	45,	45,	35,	1,	0,	390
Rock,	Ground,	80,	120,	130,	55,	65,	45,	1,	0,	495
Fire,	Null,	50,	85,	55,	65,	65,	90,	1,	0,	410
Fire,	Null,	65,	100,	70,	80,	80,	105,	1,	0,	500
Water,	Psychic,	90,	65,	65,	40,	40,	15,	1,	0,	315
Water,	Psychic,	95,	75,	110,	100,	80,	30,	1,	0,	490
Water,	Psychic,	95,	75,	180,	130,	80,	30,	1,	0,	590
Electric,	Steel,	25,	35,	70,	95,	55,	45,	1,	0,	325
Electric,	Steel,	50,	60,	95,	120,	70,	70,	1,	0,	465
Normal,	Flying,	52,	65,	55,	58,	62,	60,	1,	0,	352
Normal,	Flying,	35,	85,	45,	35,	35,	75,	1,	0,	310
Normal,	Flying,	60,	110,	70,	60,	60,	100,	1,	0,	460
Water,	Null,	65,	45,	55,	45,	70,	45,	1,	0,	325
Water,	Ice,	90,	70,	80,	70,	95,	70,	1,	0,	475
Poison,	Null,	80,	80,	50,	40,	50,	25,	1,	0,	325
Poison,	Null,	105,	105,	75,	65,	100,	50,	1,	0,	500
Water,	Null,	30,	65,	100,	45,	25,	40,	1,	0,	305
Water,	Ice,	50,	95,	180,	85,	45,	70,	1,	0,	525
Ghost,	Poison,	30,	35,	30,	100,	35,	80,	1,	0,	310
Ghost,	Poison,	45,	50,	45,	115,	55,	95,	1,	0,	405
Ghost,	Poison,	60,	65,	60,	130,	75,	110,	1,	0,	500
Ghost,	Poison,	60,	65,	80,	170,	95,	130,	1,	0,	600
Rock,	Ground,	35,	45,	160,	30,	45,	70,	1,	0,	385
Psychic,	Null,	60,	48,	45,	43,	90,	42,	1,	0,	328
Psychic,	Null,	85,	73,	70,	73,	115,	67,	1,	0,	483
Water,	Null,	30,	105,	90,	25,	25,	50,	1,	0,	325
Water,	Null,	55,	130,	115,	50,	50,	75,	1,	0,	475
Electric,	Null,	40,	30,	50,	55,	55,	100,	1,	0,	330
Electric,	Null,	60,	50,	70,	80,	80,	140,	1,	0,	480
Grass,	Psychic,	60,	40,	80,	60,	45,	40,	1,	0,	325
Grass,	Psychic,	95,	95,	85,	125,	65,	55,	1,	0,	520
Ground,	Null,	50,	50,	95,	40,	50,	35,	1,	0,	320
Ground,	Null,	60,	80,	110,	50,	80,	45,	1,	0,	425
Fighting,	Null,	50,	120,	53,	35,	110,	87,	1,	0,	455
Fighting,	Null,	50,	105,	79,	35,	110,	76,	1,	0,	455
Normal,	Null,	90,	55,	75,	60,	75,	30,	1,	0,	385
Poison,	Null,	40,	65,	95,	60,	45,	35,	1,	0,	340
Poison,	Null,	65,	90,	120,	85,	70,	60,	1,	0,	490
Ground,	Rock,	80,	85,	95,	30,	30,	25,	1,	0,	345
Ground,	Rock,	105,	130,	120,	45,	45,	40,	1,	0,	485
Normal,	Null,	250,	5,	5,	35,	105,	50,	1,	0,	450
Grass,	Null,	65,	55,	115,	100,	40,	60,	1,	0,	435
Normal,	Null,	105,	95,	80,	40,	80,	90,	1,	0,	490
Normal,	Null,	105,	125,	100,	60,	100,	100,	1,	0,	590
Water,	Null,	30,	40,	70,	70,	25,	60,	1,	0,	295
Water,	Null,	55,	65,	95,	95,	45,	85,	1,	0,	440
Water,	Null,	45,	67,	60,	35,	50,	63,	1,	0,	320
Water,	Null,	80,	92,	65,	65,	80,	68,	1,	0,	450
Water,	Null,	30,	45,	55,	70,	55,	85,	1,	0,	340
Water,	Psychic,	60,	75,	85,	100,	85,	115,	1,	0,	520
Psychic,	Fairy,	40,	45,	65,	100,	120,	90,	1,	0,	460
Bug,	Flying,	70,	110,	80,	55,	80,	105,	1,	0,	500
Ice,	Psychic,	65,	50,	35,	115,	95,	95,	1,	0,	455
Electric,	Null,	65,	83,	57,	95,	85,	105,	1,	0,	490
Fire,	Null,	65,	95,	57,	100,	85,	93,	1,	0,	495
Bug,	Null,	65,	125,	100,	55,	70,	85,	1,	0,	500
Bug,	Flying,	65,	155,	120,	65,	90,	105,	1,	0,	600
Normal,	Null,	75,	100,	95,	40,	70,	110,	1,	0,	490
Water,	Null,	20,	10,	55,	15,	20,	80,	1,	0,	200
Water,	Flying,	95,	125,	79,	60,	100,	81,	1,	0,	540
Water,	Dark,	95,	155,	109,	70,	130,	81,	1,	0,	640
Water,	Ice,	130,	85,	80,	85,	95,	60,	1,	0,	535
Normal,	Null,	48,	48,	48,	48,	48,	48,	1,	0,	288
Normal,	Null,	55,	55,	50,	45,	65,	55,	1,	0,	325
Water,	Null,	130,	65,	60,	110,	95,	65,	1,	0,	525
Electric,	Null,	65,	65,	60,	110,	95,	130,	1,	0,	525
Fire,	Null,	65,	130,	60,	95,	110,	65,	1,	0,	525
Normal,	Null,	65,	60,	70,	85,	75,	40,	1,	0,	395
Rock,	Water,	35,	40,	100,	90,	55,	35,	1,	0,	355
Rock,	Water,	70,	60,	125,	115,	70,	55,	1,	0,	495
Rock,	Water,	30,	80,	90,	55,	45,	55,	1,	0,	355
Rock,	Water,	60,	115,	105,	65,	70,	80,	1,	0,	495
Rock,	Flying,	80,	105,	65,	60,	75,	130,	1,	0,	515
Rock,	Flying,	80,	135,	85,	70,	95,	150,	1,	0,	615
Normal,	Null,	160,	110,	65,	65,	110,	30,	1,	0,	540
Ice,	Flying,	90,	85,	100,	95,	125,	85,	1,	1,	580
Electric,	Flying,	90,	90,	85,	125,	90,	100,	1,	1,	580
Fire,	Flying,	90,	100,	90,	125,	85,	90,	1,	1,	580
Dragon,	Null,	41,	64,	45,	50,	50,	50,	1,	0,	300
Dragon,	Null,	61,	84,	65,	70,	70,	70,	1,	0,	420
Dragon,	Flying,	91,	134,	95,	100,	100,	80,	1,	0,	600
Psychic,	Null,	106,	110,	90,	154,	90,	130,	1,	1,	680
Psychic,	Fighting,	106,	190,	100,	154,	100,	130,	1,	1,	780
Psychic,	Null,	106,	150,	70,	194,	120,	140,	1,	1,	780
Psychic,	Null,	100,	100,	100,	100,	100,	100,	1,	0,	600
Grass,	Null,	45,	49,	65,	49,	65,	45,	2,	0,	318
Grass,	Null,	60,	62,	80,	63,	80,	60,	2,	0,	405
Grass,	Null,	80,	82,	100,	83,	100,	80,	2,	0,	525
Fire,	Null,	39,	52,	43,	60,	50,	65,	2,	0,	309
Fire,	Null,	58,	64,	58,	80,	65,	80,	2,	0,	405
Fire,	Null,	78,	84,	78,	109,	85,	100,	2,	0,	534
Water,	Null,	50,	65,	64,	44,	48,	43,	2,	0,	314
Water,	Null,	65,	80,	80,	59,	63,	58,	2,	0,	405
Water,	Null,	85,	105,	100,	79,	83,	78,	2,	0,	530
Normal,	Null,	35,	46,	34,	35,	45,	20,	2,	0,	215
Normal,	Null,	85,	76,	64,	45,	55,	90,	2,	0,	415
Normal,	Flying,	60,	30,	30,	36,	56,	50,	2,	0,	262
Normal,	Flying,	100,	50,	50,	76,	96,	70,	2,	0,	442
Bug,	Flying,	40,	20,	30,	40,	80,	55,	2,	0,	265
Bug,	Flying,	55,	35,	50,	55,	110,	85,	2,	0,	390
Bug,	Poison,	40,	60,	40,	40,	40,	30,	2,	0,	250
Bug,	Poison,	70,	90,	70,	60,	60,	40,	2,	0,	390
Poison,	Flying,	85,	90,	80,	70,	80,	130,	2,	0,	535
Water,	Electric,	75,	38,	38,	56,	56,	67,	2,	0,	330
Water,	Electric,	125,	58,	58,	76,	76,	67,	2,	0,	460
Electric,	Null,	20,	40,	15,	35,	35,	60,	2,	0,	205
Fairy,	Null,	50,	25,	28,	45,	55,	15,	2,	0,	218
Normal,	Fairy,	90,	30,	15,	40,	20,	15,	2,	0,	210
Fairy,	Null,	35,	20,	65,	40,	65,	20,	2,	0,	245
Fairy,	Flying,	55,	40,	85,	80,	105,	40,	2,	0,	405
Psychic,	Flying,	40,	50,	45,	70,	45,	70,	2,	0,	320
Psychic,	Flying,	65,	75,	70,	95,	70,	95,	2,	0,	470
Electric,	Null,	55,	40,	40,	65,	45,	35,	2,	0,	280
Electric,	Null,	70,	55,	55,	80,	60,	45,	2,	0,	365
Electric,	Null,	90,	75,	85,	115,	90,	55,	2,	0,	510
Electric,	Dragon,	90,	95,	105,	165,	110,	45,	2,	0,	610
Grass,	Null,	75,	80,	95,	90,	100,	50,	2,	0,	490
Water,	Fairy,	70,	20,	50,	20,	50,	40,	2,	0,	250
Water,	Fairy,	100,	50,	80,	60,	80,	50,	2,	0,	420
Rock,	Null,	70,	100,	115,	30,	65,	30,	2,	0,	410
Water,	Null,	90,	75,	75,	90,	100,	70,	2,	0,	500
Grass,	Flying,	35,	35,	40,	35,	55,	50,	2,	0,	250
Grass,	Flying,	55,	45,	50,	45,	65,	80,	2,	0,	340
Grass,	Flying,	75,	55,	70,	55,	95,	110,	2,	0,	460
Normal,	Null,	55,	70,	55,	40,	55,	85,	2,	0,	360
Grass,	Null,	30,	30,	30,	30,	30,	30,	2,	0,	180
Grass,	Null,	75,	75,	55,	105,	85,	30,	2,	0,	425
Bug,	Flying,	65,	65,	45,	75,	45,	95,	2,	0,	390
Water,	Ground,	55,	45,	45,	25,	25,	15,	2,	0,	210
Water,	Ground,	95,	85,	85,	65,	65,	35,	2,	0,	430
Psychic,	Null,	65,	65,	60,	130,	95,	110,	2,	0,	525
Dark,	Null,	95,	65,	110,	60,	130,	65,	2,	0,	525
Dark,	Flying,	60,	85,	42,	85,	42,	91,	2,	0,	405
Water,	Psychic,	95,	75,	80,	100,	110,	30,	2,	0,	490
Ghost,	Null,	60,	60,	60,	85,	85,	85,	2,	0,	435
Psychic,	Null,	48,	72,	48,	72,	48,	48,	2,	0,	336
Psychic,	Null,	190,	33,	58,	33,	58,	33,	2,	0,	405
Normal,	Psychic,	70,	80,	65,	90,	65,	85,	2,	0,	455
Bug,	Null,	50,	65,	90,	35,	35,	15,	2,	0,	290
Bug,	Steel,	75,	90,	140,	60,	60,	40,	2,	0,	465
Normal,	Null,	100,	70,	70,	65,	65,	45,	2,	0,	415
Ground,	Flying,	65,	75,	105,	35,	65,	85,	2,	0,	430
Steel,	Ground,	75,	85,	200,	55,	65,	30,	2,	0,	510
Steel,	Ground,	75,	125,	230,	55,	95,	30,	2,	0,	610
Fairy,	Null,	60,	80,	50,	40,	40,	30,	2,	0,	300
Fairy,	Null,	90,	120,	75,	60,	60,	45,	2,	0,	450
Water,	Poison,	65,	95,	75,	55,	55,	85,	2,	0,	430
Bug,	Steel,	70,	130,	100,	55,	80,	65,	2,	0,	500
Bug,	Steel,	70,	150,	140,	65,	100,	75,	2,	0,	600
Bug,	Rock,	20,	10,	230,	10,	230,	5,	2,	0,	505
Bug,	Fighting,	80,	125,	75,	40,	95,	85,	2,	0,	500
Bug,	Fighting,	80,	185,	115,	40,	105,	75,	2,	0,	600
Dark,	Ice,	55,	95,	55,	35,	75,	115,	2,	0,	430
Normal,	Null,	60,	80,	50,	50,	50,	40,	2,	0,	330
Normal,	Null,	90,	130,	75,	75,	75,	55,	2,	0,	500
Fire,	Null,	40,	40,	40,	70,	40,	20,	2,	0,	250
Fire,	Rock,	50,	50,	120,	80,	80,	30,	2,	0,	410
Ice,	Ground,	50,	50,	40,	30,	30,	50,	2,	0,	250
Ice,	Ground,	100,	100,	80,	60,	60,	50,	2,	0,	450
Water,	Rock,	55,	55,	85,	65,	85,	35,	2,	0,	380
Water,	Null,	35,	65,	35,	65,	35,	65,	2,	0,	300
Water,	Null,	75,	105,	75,	105,	75,	45,	2,	0,	480
Ice,	Flying,	45,	55,	45,	65,	45,	75,	2,	0,	330
Water,	Flying,	65,	40,	70,	80,	140,	70,	2,	0,	465
Steel,	Flying,	65,	80,	140,	40,	70,	70,	2,	0,	465
Dark,	Fire,	45,	60,	30,	80,	50,	65,	2,	0,	330
Dark,	Fire,	75,	90,	50,	110,	80,	95,	2,	0,	500
Dark,	Fire,	75,	90,	90,	140,	90,	115,	2,	0,	600
Water,	Dragon,	75,	95,	95,	95,	95,	85,	2,	0,	540
Ground,	Null,	90,	60,	60,	40,	40,	40,	2,	0,	330
Ground,	Null,	90,	120,	120,	60,	60,	50,	2,	0,	500
Normal,	Null,	85,	80,	90,	105,	95,	60,	2,	0,	515
Normal,	Null,	73,	95,	62,	85,	65,	85,	2,	0,	465
Normal,	Null,	55,	20,	35,	20,	45,	75,	2,	0,	250
Fighting,	Null,	35,	35,	35,	35,	35,	35,	2,	0,	210
Fighting,	Null,	50,	95,	95,	35,	110,	70,	2,	0,	455
Ice,	Psychic,	45,	30,	15,	85,	65,	65,	2,	0,	305
Electric,	Null,	45,	63,	37,	65,	55,	95,	2,	0,	360
Fire,	Null,	45,	75,	37,	70,	55,	83,	2,	0,	365
Normal,	Null,	95,	80,	105,	40,	70,	100,	2,	0,	490
Normal,	Null,	255,	10,	10,	75,	135,	55,	2,	0,	540
Electric,	Null,	90,	85,	75,	115,	100,	115,	2,	1,	580
Fire,	Null,	115,	115,	85,	90,	75,	100,	2,	1,	580
Water,	Null,	100,	75,	115,	90,	115,	85,	2,	1,	580
Rock,	Ground,	50,	64,	50,	45,	50,	41,	2,	0,	300
Rock,	Ground,	70,	84,	70,	65,	70,	51,	2,	0,	410
Rock,	Dark,	100,	134,	110,	95,	100,	61,	2,	0,	600
Rock,	Dark,	100,	164,	150,	95,	120,	71,	2,	0,	700
Psychic,	Flying,	106,	90,	130,	90,	154,	110,	2,	1,	680
Fire,	Flying,	106,	130,	90,	110,	154,	90,	2,	1,	680
Psychic,	Grass,	100,	100,	100,	100,	100,	100,	2,	0,	600
Grass,	Null,	40,	45,	35,	65,	55,	70,	3,	0,	310
Grass,	Null,	50,	65,	45,	85,	65,	95,	3,	0,	405
Grass,	Null,	70,	85,	65,	105,	85,	120,	3,	0,	530
Grass,	Dragon,	70,	110,	75,	145,	85,	145,	3,	0,	630
Fire,	Null,	45,	60,	40,	70,	50,	45,	3,	0,	310
Fire,	Fighting,	60,	85,	60,	85,	60,	55,	3,	0,	405
Fire,	Fighting,	80,	120,	70,	110,	70,	80,	3,	0,	530
Fire,	Fighting,	80,	160,	80,	130,	80,	100,	3,	0,	630
Water,	Null,	50,	70,	50,	50,	50,	40,	3,	0,	310
Water,	Ground,	70,	85,	70,	60,	70,	50,	3,	0,	405
Water,	Ground,	100,	110,	90,	85,	90,	60,	3,	0,	535
Water,	Ground,	100,	150,	110,	95,	110,	70,	3,	0,	635
Dark,	Null,	35,	55,	35,	30,	30,	35,	3,	0,	220
Dark,	Null,	70,	90,	70,	60,	60,	70,	3,	0,	420
Normal,	Null,	38,	30,	41,	30,	41,	60,	3,	0,	240
Normal,	Null,	78,	70,	61,	50,	61,	100,	3,	0,	420
Bug,	Null,	45,	45,	35,	20,	30,	20,	3,	0,	195
Bug,	Null,	50,	35,	55,	25,	25,	15,	3,	0,	205
Bug,	Flying,	60,	70,	50,	100,	50,	65,	3,	0,	395
Bug,	Null,	50,	35,	55,	25,	25,	15,	3,	0,	205
Bug,	Poison,	60,	50,	70,	50,	90,	65,	3,	0,	385
Water,	Grass,	40,	30,	30,	40,	50,	30,	3,	0,	220
Water,	Grass,	60,	50,	50,	60,	70,	50,	3,	0,	340
Water,	Grass,	80,	70,	70,	90,	100,	70,	3,	0,	480
Grass,	Null,	40,	40,	50,	30,	30,	30,	3,	0,	220
Grass,	Dark,	70,	70,	40,	60,	40,	60,	3,	0,	340
Grass,	Dark,	90,	100,	60,	90,	60,	80,	3,	0,	480
Normal,	Flying,	40,	55,	30,	30,	30,	85,	3,	0,	270
Normal,	Flying,	60,	85,	60,	50,	50,	125,	3,	0,	430
Water,	Flying,	40,	30,	30,	55,	30,	85,	3,	0,	270
Water,	Flying,	60,	50,	100,	85,	70,	65,	3,	0,	430
Psychic,	Fairy,	28,	25,	25,	45,	35,	40,	3,	0,	198
Psychic,	Fairy,	38,	35,	35,	65,	55,	50,	3,	0,	278
Psychic,	Fairy,	68,	65,	65,	125,	115,	80,	3,	0,	518
Psychic,	Fairy,	68,	85,	65,	165,	135,	100,	3,	0,	618
Bug,	Water,	40,	30,	32,	50,	52,	65,	3,	0,	269
Bug,	Flying,	70,	60,	62,	80,	82,	60,	3,	0,	414
Grass,	Null,	60,	40,	60,	40,	60,	35,	3,	0,	295
Grass,	Fighting,	60,	130,	80,	60,	60,	70,	3,	0,	460
Normal,	Null,	60,	60,	60,	35,	35,	30,	3,	0,	280
Normal,	Null,	80,	80,	80,	55,	55,	90,	3,	0,	440
Normal,	Null,	150,	160,	100,	95,	65,	100,	3,	0,	670
Bug,	Ground,	31,	45,	90,	30,	30,	40,	3,	0,	266
Bug,	Flying,	61,	90,	45,	50,	50,	160,	3,	0,	456
Bug,	Ghost,	1,	90,	45,	30,	30,	40,	3,	0,	236
Normal,	Null,	64,	51,	23,	51,	23,	28,	3,	0,	240
Normal,	Null,	84,	71,	43,	71,	43,	48,	3,	0,	360
Normal,	Null,	104,	91,	63,	91,	73,	68,	3,	0,	490
Fighting,	Null,	72,	60,	30,	20,	30,	25,	3,	0,	237
Fighting,	Null,	144,	120,	60,	40,	60,	50,	3,	0,	474
Normal,	Fairy,	50,	20,	40,	20,	40,	20,	3,	0,	190
Rock,	Null,	30,	45,	135,	45,	90,	30,	3,	0,	375
Normal,	Null,	50,	45,	45,	35,	35,	50,	3,	0,	260
Normal,	Null,	70,	65,	65,	55,	55,	70,	3,	0,	380
Dark,	Ghost,	50,	75,	75,	65,	65,	50,	3,	0,	380
Dark,	Ghost,	50,	85,	125,	85,	115,	20,	3,	0,	480
Steel,	Fairy,	50,	85,	85,	55,	55,	50,	3,	0,	380
Steel,	Fairy,	50,	105,	125,	55,	95,	50,	3,	0,	480
Steel,	Rock,	50,	70,	100,	40,	40,	30,	3,	0,	330
Steel,	Rock,	60,	90,	140,	50,	50,	40,	3,	0,	430
Steel,	Rock,	70,	110,	180,	60,	60,	50,	3,	0,	530
Steel,	Null,	70,	140,	230,	60,	80,	50,	3,	0,	630
Fighting,	Psychic,	30,	40,	55,	40,	55,	60,	3,	0,	280
Fighting,	Psychic,	60,	60,	75,	60,	75,	80,	3,	0,	410
Fighting,	Psychic,	60,	100,	85,	80,	85,	100,	3,	0,	510
Electric,	Null,	40,	45,	40,	65,	40,	65,	3,	0,	295
Electric,	Null,	70,	75,	60,	105,	60,	105,	3,	0,	475
Electric,	Null,	70,	75,	80,	135,	80,	135,	3,	0,	575
Electric,	Null,	60,	50,	40,	85,	75,	95,	3,	0,	405
Electric,	Null,	60,	40,	50,	75,	85,	95,	3,	0,	405
Bug,	Null,	65,	73,	55,	47,	75,	85,	3,	0,	400
Bug,	Null,	65,	47,	55,	73,	75,	85,	3,	0,	400
Grass,	Poison,	50,	60,	45,	100,	80,	65,	3,	0,	400
Poison,	Null,	70,	43,	53,	43,	53,	40,	3,	0,	302
Poison,	Null,	100,	73,	83,	73,	83,	55,	3,	0,	467
Water,	Dark,	45,	90,	20,	65,	20,	65,	3,	0,	305
Water,	Dark,	70,	120,	40,	95,	40,	95,	3,	0,	460
Water,	Dark,	70,	140,	70,	110,	65,	105,	3,	0,	560
Water,	Null,	130,	70,	35,	70,	35,	60,	3,	0,	400
Water,	Null,	170,	90,	45,	90,	45,	60,	3,	0,	500
Fire,	Ground,	60,	60,	40,	65,	45,	35,	3,	0,	305
Fire,	Ground,	70,	100,	70,	105,	75,	40,	3,	0,	460
Fire,	Ground,	70,	120,	100,	145,	105,	20,	3,	0,	560
Fire,	Null,	70,	85,	140,	85,	70,	20,	3,	0,	470
Psychic,	Null,	60,	25,	35,	70,	80,	60,	3,	0,	330
Psychic,	Null,	80,	45,	65,	90,	110,	80,	3,	0,	470
Normal,	Null,	60,	60,	60,	60,	60,	60,	3,	0,	360
Ground,	Null,	45,	100,	45,	45,	45,	10,	3,	0,	290
Ground,	Dragon,	50,	70,	50,	50,	50,	70,	3,	0,	340
Ground,	Dragon,	80,	100,	80,	80,	80,	100,	3,	0,	520
Grass,	Null,	50,	85,	40,	85,	40,	35,	3,	0,	335
Grass,	Dark,	70,	115,	60,	115,	60,	55,	3,	0,	475
Normal,	Flying,	45,	40,	60,	40,	75,	50,	3,	0,	310
Dragon,	Flying,	75,	70,	90,	70,	105,	80,	3,	0,	490
Dragon,	Fairy,	75,	110,	110,	110,	105,	80,	3,	0,	590
Normal,	Null,	73,	115,	60,	60,	60,	90,	3,	0,	458
Poison,	Null,	73,	100,	60,	100,	60,	65,	3,	0,	458
Rock,	Psychic,	70,	55,	65,	95,	85,	70,	3,	0,	440
Rock,	Psychic,	70,	95,	85,	55,	65,	70,	3,	0,	440
Water,	Ground,	50,	48,	43,	46,	41,	60,	3,	0,	288
Water,	Ground,	110,	78,	73,	76,	71,	60,	3,	0,	468
Water,	Null,	43,	80,	65,	50,	35,	35,	3,	0,	308
Water,	Dark,	63,	120,	85,	90,	55,	55,	3,	0,	468
Ground,	Psychic,	40,	40,	55,	40,	70,	55,	3,	0,	300
Ground,	Psychic,	60,	70,	105,	70,	120,	75,	3,	0,	500
Rock,	Grass,	66,	41,	77,	61,	87,	23,	3,	0,	355
Rock,	Grass,	86,	81,	97,	81,	107,	43,	3,	0,	495
Rock,	Bug,	45,	95,	50,	40,	50,	75,	3,	0,	355
Rock,	Bug,	75,	125,	100,	70,	80,	45,	3,	0,	495
Water,	Null,	20,	15,	20,	10,	55,	80,	3,	0,	200
Water,	Null,	95,	60,	79,	100,	125,	81,	3,	0,	540
Normal,	Null,	70,	70,	70,	70,	70,	70,	3,	0,	420
Normal,	Null,	60,	90,	70,	60,	120,	40,	3,	0,	440
Ghost,	Null,	44,	75,	35,	63,	33,	45,	3,	0,	295
Ghost,	Null,	64,	115,	65,	83,	63,	65,	3,	0,	455
Ghost,	Null,	64,	165,	75,	93,	83,	75,	3,	0,	555
Ghost,	Null,	20,	40,	90,	30,	90,	25,	3,	0,	295
Ghost,	Null,	40,	70,	130,	60,	130,	25,	3,	0,	455
Grass,	Flying,	99,	68,	83,	72,	87,	51,	3,	0,	460
Psychic,	Null,	65,	50,	70,	95,	80,	65,	3,	0,	425
Dark,	Null,	65,	130,	60,	75,	60,	75,	3,	0,	465
Dark,	Null,	65,	150,	60,	115,	60,	115,	3,	0,	565
Psychic,	Null,	95,	23,	48,	23,	48,	23,	3,	0,	260
Ice,	Null,	50,	50,	50,	50,	50,	50,	3,	0,	300
Ice,	Null,	80,	80,	80,	80,	80,	80,	3,	0,	480
Ice,	Null,	80,	120,	80,	120,	80,	100,	3,	0,	580
Ice,	Water,	70,	40,	50,	55,	50,	25,	3,	0,	290
Ice,	Water,	90,	60,	70,	75,	70,	45,	3,	0,	410
Ice,	Water,	110,	80,	90,	95,	90,	65,	3,	0,	530
Water,	Null,	35,	64,	85,	74,	55,	32,	3,	0,	345
Water,	Null,	55,	104,	105,	94,	75,	52,	3,	0,	485
Water,	Null,	55,	84,	105,	114,	75,	52,	3,	0,	485
Water,	Rock,	100,	90,	130,	45,	65,	55,	3,	0,	485
Water,	Null,	43,	30,	55,	40,	65,	97,	3,	0,	330
Dragon,	Null,	45,	75,	60,	40,	30,	50,	3,	0,	300
Dragon,	Null,	65,	95,	100,	60,	50,	50,	3,	0,	420
Dragon,	Flying,	95,	135,	80,	110,	80,	100,	3,	0,	600
Dragon,	Flying,	95,	145,	130,	120,	90,	120,	3,	0,	700
Steel,	Psychic,	40,	55,	80,	35,	60,	30,	3,	0,	300
Steel,	Psychic,	60,	75,	100,	55,	80,	50,	3,	0,	420
Steel,	Psychic,	80,	135,	130,	95,	90,	70,	3,	0,	600
Steel,	Psychic,	80,	145,	150,	105,	110,	110,	3,	0,	700
Rock,	Null,	80,	100,	200,	50,	100,	50,	3,	1,	580
Ice,	Null,	80,	50,	100,	100,	200,	50,	3,	1,	580
Steel,	Null,	80,	75,	150,	75,	150,	50,	3,	1,	580
Dragon,	Psychic,	80,	80,	90,	110,	130,	110,	3,	1,	600
Dragon,	Psychic,	80,	100,	120,	140,	150,	110,	3,	1,	700
Dragon,	Psychic,	80,	90,	80,	130,	110,	110,	3,	1,	600
Dragon,	Psychic,	80,	130,	100,	160,	120,	110,	3,	1,	700
Water,	Null,	100,	100,	90,	150,	140,	90,	3,	1,	670
Water,	Null,	100,	150,	90,	180,	160,	90,	3,	1,	770
Ground,	Null,	100,	150,	140,	100,	90,	90,	3,	1,	670
Ground,	Fire,	100,	180,	160,	150,	90,	90,	3,	1,	770
Dragon,	Flying,	105,	150,	90,	150,	90,	95,	3,	1,	680
Dragon,	Flying,	105,	180,	100,	180,	100,	115,	3,	1,	780
Steel,	Psychic,	100,	100,	100,	100,	100,	100,	3,	1,	600
Psychic,	Null,	50,	150,	50,	150,	50,	150,	3,	1,	600
Psychic,	Null,	50,	180,	20,	180,	20,	150,	3,	1,	600
Psychic,	Null,	50,	70,	160,	70,	160,	90,	3,	1,	600
Psychic,	Null,	50,	95,	90,	95,	90,	180,	3,	1,	600
Grass,	Null,	55,	68,	64,	45,	55,	31,	4,	0,	318
Grass,	Null,	75,	89,	85,	55,	65,	36,	4,	0,	405
Grass,	Ground,	95,	109,	105,	75,	85,	56,	4,	0,	525
Fire,	Null,	44,	58,	44,	58,	44,	61,	4,	0,	309
Fire,	Fighting,	64,	78,	52,	78,	52,	81,	4,	0,	405
Fire,	Fighting,	76,	104,	71,	104,	71,	108,	4,	0,	534
Water,	Null,	53,	51,	53,	61,	56,	40,	4,	0,	314
Water,	Null,	64,	66,	68,	81,	76,	50,	4,	0,	405
Water,	Steel,	84,	86,	88,	111,	101,	60,	4,	0,	530
Normal,	Flying,	40,	55,	30,	30,	30,	60,	4,	0,	245
Normal,	Flying,	55,	75,	50,	40,	40,	80,	4,	0,	340
Normal,	Flying,	85,	120,	70,	50,	60,	100,	4,	0,	485
Normal,	Null,	59,	45,	40,	35,	40,	31,	4,	0,	250
Normal,	Water,	79,	85,	60,	55,	60,	71,	4,	0,	410
Bug,	Null,	37,	25,	41,	25,	41,	25,	4,	0,	194
Bug,	Null,	77,	85,	51,	55,	51,	65,	4,	0,	384
Electric,	Null,	45,	65,	34,	40,	34,	45,	4,	0,	263
Electric,	Null,	60,	85,	49,	60,	49,	60,	4,	0,	363
Electric,	Null,	80,	120,	79,	95,	79,	70,	4,	0,	523
Grass,	Poison,	40,	30,	35,	50,	70,	55,	4,	0,	280
Grass,	Poison,	60,	70,	65,	125,	105,	90,	4,	0,	515
Rock,	Null,	67,	125,	40,	30,	30,	58,	4,	0,	350
Rock,	Null,	97,	165,	60,	65,	50,	58,	4,	0,	495
Rock,	Steel,	30,	42,	118,	42,	88,	30,	4,	0,	350
Rock,	Steel,	60,	52,	168,	47,	138,	30,	4,	0,	495
Bug,	Null,	40,	29,	45,	29,	45,	36,	4,	0,	224
Bug,	Grass,	60,	59,	85,	79,	105,	36,	4,	0,	424
Bug,	Ground,	60,	79,	105,	59,	85,	36,	4,	0,	424
Bug,	Steel,	60,	69,	95,	69,	95,	36,	4,	0,	424
Bug,	Flying,	70,	94,	50,	94,	50,	66,	4,	0,	424
Bug,	Flying,	30,	30,	42,	30,	42,	70,	4,	0,	244
Bug,	Flying,	70,	80,	102,	80,	102,	40,	4,	0,	474
Electric,	Null,	60,	45,	70,	45,	90,	95,	4,	0,	405
Water,	Null,	55,	65,	35,	60,	30,	85,	4,	0,	330
Water,	Null,	85,	105,	55,	85,	50,	115,	4,	0,	495
Grass,	Null,	45,	35,	45,	62,	53,	35,	4,	0,	275
Grass,	Null,	70,	60,	70,	87,	78,	85,	4,	0,	450
Water,	Null,	76,	48,	48,	57,	62,	34,	4,	0,	325
Water,	Ground,	111,	83,	68,	92,	82,	39,	4,	0,	475
Normal,	Null,	75,	100,	66,	60,	66,	115,	4,	0,	482
Ghost,	Flying,	90,	50,	34,	60,	44,	70,	4,	0,	348
Ghost,	Flying,	150,	80,	44,	90,	54,	80,	4,	0,	498
Normal,	Null,	55,	66,	44,	44,	56,	85,	4,	0,	350
Normal,	Null,	65,	76,	84,	54,	96,	105,	4,	0,	480
Normal,	Fighting,	65,	136,	94,	54,	96,	135,	4,	0,	580
Ghost,	Null,	60,	60,	60,	105,	105,	105,	4,	0,	495
Dark,	Flying,	100,	125,	52,	105,	52,	71,	4,	0,	505
Normal,	Null,	49,	55,	42,	42,	37,	85,	4,	0,	310
Normal,	Null,	71,	82,	64,	64,	59,	112,	4,	0,	452
Psychic,	Null,	45,	30,	50,	65,	50,	45,	4,	0,	285
Poison,	Dark,	63,	63,	47,	41,	41,	74,	4,	0,	329
Poison,	Dark,	103,	93,	67,	71,	61,	84,	4,	0,	479
Steel,	Psychic,	57,	24,	86,	24,	86,	23,	4,	0,	300
Steel,	Psychic,	67,	89,	116,	79,	116,	33,	4,	0,	500
Rock,	Null,	50,	80,	95,	10,	45,	10,	4,	0,	290
Psychic,	Fairy,	20,	25,	45,	70,	90,	60,	4,	0,	310
Normal,	Null,	100,	5,	5,	15,	65,	30,	4,	0,	220
Normal,	Flying,	76,	65,	45,	92,	42,	91,	4,	0,	411
Ghost,	Dark,	50,	92,	108,	92,	108,	35,	4,	0,	485
Dragon,	Ground,	58,	70,	45,	40,	45,	42,	4,	0,	300
Dragon,	Ground,	68,	90,	65,	50,	55,	82,	4,	0,	410
Dragon,	Ground,	108,	130,	95,	80,	85,	102,	4,	0,	600
Dragon,	Ground,	108,	170,	115,	120,	95,	92,	4,	0,	700
Normal,	Null,	135,	85,	40,	40,	85,	5,	4,	0,	390
Fighting,	Null,	40,	70,	40,	35,	40,	60,	4,	0,	285
Fighting,	Steel,	70,	110,	70,	115,	70,	90,	4,	0,	525
Fighting,	Steel,	70,	145,	88,	140,	70,	112,	4,	0,	625
Ground,	Null,	68,	72,	78,	38,	42,	32,	4,	0,	330
Ground,	Null,	108,	112,	118,	68,	72,	47,	4,	0,	525
Poison,	Bug,	40,	50,	90,	30,	55,	65,	4,	0,	330
Poison,	Dark,	70,	90,	110,	60,	75,	95,	4,	0,	500
Poison,	Fighting,	48,	61,	40,	61,	40,	50,	4,	0,	300
Poison,	Fighting,	83,	106,	65,	86,	65,	85,	4,	0,	490
Grass,	Null,	74,	100,	72,	90,	72,	46,	4,	0,	454
Water,	Null,	49,	49,	56,	49,	61,	66,	4,	0,	330
Water,	Null,	69,	69,	76,	69,	86,	91,	4,	0,	460
Water,	Flying,	45,	20,	50,	60,	120,	50,	4,	0,	345
Grass,	Ice,	60,	62,	50,	62,	60,	40,	4,	0,	334
Grass,	Ice,	90,	92,	75,	92,	85,	60,	4,	0,	494
Grass,	Ice,	90,	132,	105,	132,	105,	30,	4,	0,	594
Dark,	Ice,	70,	120,	65,	45,	85,	125,	4,	0,	510
Electric,	Steel,	70,	70,	115,	130,	90,	60,	4,	0,	535
Normal,	Null,	110,	85,	95,	80,	95,	50,	4,	0,	515
Ground,	Rock,	115,	140,	130,	55,	55,	40,	4,	0,	535
Grass,	Null,	100,	100,	125,	110,	50,	50,	4,	0,	535
Electric,	Null,	75,	123,	67,	95,	85,	95,	4,	0,	540
Fire,	Null,	75,	95,	67,	125,	95,	83,	4,	0,	540
Fairy,	Flying,	85,	50,	95,	120,	115,	80,	4,	0,	545
Bug,	Flying,	86,	76,	86,	116,	56,	95,	4,	0,	515
Grass,	Null,	65,	110,	130,	60,	65,	95,	4,	0,	525
Ice,	Null,	65,	60,	110,	130,	95,	65,	4,	0,	525
Ground,	Flying,	75,	95,	125,	45,	75,	95,	4,	0,	510
Ice,	Ground,	110,	130,	80,	70,	60,	80,	4,	0,	530
Normal,	Null,	85,	80,	70,	135,	75,	90,	4,	0,	535
Psychic,	Fighting,	68,	125,	65,	65,	115,	80,	4,	0,	518
Psychic,	Fighting,	68,	165,	95,	65,	115,	110,	4,	0,	618
Rock,	Steel,	60,	55,	145,	75,	150,	40,	4,	0,	525
Ghost,	Null,	45,	100,	135,	65,	135,	45,	4,	0,	525
Ice,	Ghost,	70,	80,	70,	80,	70,	110,	4,	0,	480
Electric,	Ghost,	50,	50,	77,	95,	77,	91,	4,	0,	440
Electric,	Fire,	50,	65,	107,	105,	107,	86,	4,	0,	520
Electric,	Water,	50,	65,	107,	105,	107,	86,	4,	0,	520
Electric,	Ice,	50,	65,	107,	105,	107,	86,	4,	0,	520
Electric,	Flying,	50,	65,	107,	105,	107,	86,	4,	0,	520
Electric,	Grass,	50,	65,	107,	105,	107,	86,	4,	0,	520
Psychic,	Null,	75,	75,	130,	75,	130,	95,	4,	1,	580
Psychic,	Null,	80,	105,	105,	105,	105,	80,	4,	1,	580
Psychic,	Null,	75,	125,	70,	125,	70,	115,	4,	1,	580
Steel,	Dragon,	100,	120,	120,	150,	100,	90,	4,	1,	680
Water,	Dragon,	90,	120,	100,	150,	120,	100,	4,	1,	680
Fire,	Steel,	91,	90,	106,	130,	106,	77,	4,	1,	600
Normal,	Null,	110,	160,	110,	80,	110,	100,	4,	1,	670
Ghost,	Dragon,	150,	100,	120,	100,	120,	90,	4,	1,	680
Ghost,	Dragon,	150,	120,	100,	120,	100,	90,	4,	1,	680
Psychic,	Null,	120,	70,	120,	75,	130,	85,	4,	0,	600
Water,	Null,	80,	80,	80,	80,	80,	80,	4,	0,	480
Water,	Null,	100,	100,	100,	100,	100,	100,	4,	0,	600
Dark,	Null,	70,	90,	90,	135,	90,	125,	4,	1,	600
Grass,	Null,	100,	100,	100,	100,	100,	100,	4,	1,	600
Grass,	Flying,	100,	103,	75,	120,	75,	127,	4,	1,	600
Normal,	Null,	120,	120,	120,	120,	120,	120,	4,	1,	720
Psychic,	Fire,	100,	100,	100,	100,	100,	100,	5,	1,	600
Grass,	Null,	45,	45,	55,	45,	55,	63,	5,	0,	308
Grass,	Null,	60,	60,	75,	60,	75,	83,	5,	0,	413
Grass,	Null,	75,	75,	95,	75,	95,	113,	5,	0,	528
Fire,	Null,	65,	63,	45,	45,	45,	45,	5,	0,	308
Fire,	Fighting,	90,	93,	55,	70,	55,	55,	5,	0,	418
Fire,	Fighting,	110,	123,	65,	100,	65,	65,	5,	0,	528
Water,	Null,	55,	55,	45,	63,	45,	45,	5,	0,	308
Water,	Null,	75,	75,	60,	83,	60,	60,	5,	0,	413
Water,	Null,	95,	100,	85,	108,	70,	70,	5,	0,	528
Normal,	Null,	45,	55,	39,	35,	39,	42,	5,	0,	255
Normal,	Null,	60,	85,	69,	60,	69,	77,	5,	0,	420
Normal,	Null,	45,	60,	45,	25,	45,	55,	5,	0,	275
Normal,	Null,	65,	80,	65,	35,	65,	60,	5,	0,	370
Normal,	Null,	85,	110,	90,	45,	90,	80,	5,	0,	500
Dark,	Null,	41,	50,	37,	50,	37,	66,	5,	0,	281
Dark,	Null,	64,	88,	50,	88,	50,	106,	5,	0,	446
Grass,	Null,	50,	53,	48,	53,	48,	64,	5,	0,	316
Grass,	Null,	75,	98,	63,	98,	63,	101,	5,	0,	498
Fire,	Null,	50,	53,	48,	53,	48,	64,	5,	0,	316
Fire,	Null,	75,	98,	63,	98,	63,	101,	5,	0,	498
Water,	Null,	50,	53,	48,	53,	48,	64,	5,	0,	316
Water,	Null,	75,	98,	63,	98,	63,	101,	5,	0,	498
Psychic,	Null,	76,	25,	45,	67,	55,	24,	5,	0,	292
Psychic,	Null,	116,	55,	85,	107,	95,	29,	5,	0,	487
Normal,	Flying,	50,	55,	50,	36,	30,	43,	5,	0,	264
Normal,	Flying,	62,	77,	62,	50,	42,	65,	5,	0,	358
Normal,	Flying,	80,	115,	80,	65,	55,	93,	5,	0,	488
Electric,	Null,	45,	60,	32,	50,	32,	76,	5,	0,	295
Electric,	Null,	75,	100,	63,	80,	63,	116,	5,	0,	497
Rock,	Null,	55,	75,	85,	25,	25,	15,	5,	0,	280
Rock,	Null,	70,	105,	105,	50,	40,	20,	5,	0,	390
Rock,	Null,	85,	135,	130,	60,	80,	25,	5,	0,	515
Psychic,	Flying,	55,	45,	43,	55,	43,	72,	5,	0,	313
Psychic,	Flying,	67,	57,	55,	77,	55,	114,	5,	0,	425
Ground,	Null,	60,	85,	40,	30,	45,	68,	5,	0,	328
Ground,	Steel,	110,	135,	60,	50,	65,	88,	5,	0,	508
Normal,	Null,	103,	60,	86,	60,	86,	50,	5,	0,	445
Normal,	Fairy,	103,	60,	126,	80,	126,	50,	5,	0,	545
Fighting,	Null,	75,	80,	55,	25,	35,	35,	5,	0,	305
Fighting,	Null,	85,	105,	85,	40,	50,	40,	5,	0,	405
Fighting,	Null,	105,	140,	95,	55,	65,	45,	5,	0,	505
Water,	Null,	50,	50,	40,	50,	40,	64,	5,	0,	294
Water,	Ground,	75,	65,	55,	65,	55,	69,	5,	0,	384
Water,	Ground,	105,	95,	75,	85,	75,	74,	5,	0,	509
Fighting,	Null,	120,	100,	85,	30,	85,	45,	5,	0,	465
Fighting,	Null,	75,	125,	75,	30,	75,	85,	5,	0,	465
Bug,	Grass,	45,	53,	70,	40,	60,	42,	5,	0,	310
Bug,	Grass,	55,	63,	90,	50,	80,	42,	5,	0,	380
Bug,	Grass,	75,	103,	80,	70,	80,	92,	5,	0,	500
Bug,	Poison,	30,	45,	59,	30,	39,	57,	5,	0,	260
Bug,	Poison,	40,	55,	99,	40,	79,	47,	5,	0,	360
Bug,	Poison,	60,	100,	89,	55,	69,	112,	5,	0,	485
Grass,	Fairy,	40,	27,	60,	37,	50,	66,	5,	0,	280
Grass,	Fairy,	60,	67,	85,	77,	75,	116,	5,	0,	480
Grass,	Null,	45,	35,	50,	70,	50,	30,	5,	0,	280
Grass,	Null,	70,	60,	75,	110,	75,	90,	5,	0,	480
Water,	Null,	70,	92,	65,	80,	55,	98,	5,	0,	460
Ground,	Dark,	50,	72,	35,	35,	35,	65,	5,	0,	292
Ground,	Dark,	60,	82,	45,	45,	45,	74,	5,	0,	351
Ground,	Dark,	95,	117,	80,	65,	70,	92,	5,	0,	519
Fire,	Null,	70,	90,	45,	15,	45,	50,	5,	0,	315
Fire,	Null,	105,	140,	55,	30,	55,	95,	5,	0,	480
Fire,	Psychic,	105,	30,	105,	140,	105,	55,	5,	0,	540
Grass,	Null,	75,	86,	67,	106,	67,	60,	5,	0,	461
Bug,	Rock,	50,	65,	85,	35,	35,	55,	5,	0,	325
Bug,	Rock,	70,	95,	125,	65,	75,	45,	5,	0,	475
Dark,	Fighting,	50,	75,	70,	35,	70,	48,	5,	0,	348
Dark,	Fighting,	65,	90,	115,	45,	115,	58,	5,	0,	488
Psychic,	Flying,	72,	58,	80,	103,	80,	97,	5,	0,	490
Ghost,	Null,	38,	30,	85,	55,	65,	30,	5,	0,	303
Ghost,	Null,	58,	50,	145,	95,	105,	30,	5,	0,	483
Water,	Rock,	54,	78,	103,	53,	45,	22,	5,	0,	355
Water,	Rock,	74,	108,	133,	83,	65,	32,	5,	0,	495
Rock,	Flying,	55,	112,	45,	74,	45,	70,	5,	0,	401
Rock,	Flying,	75,	140,	65,	112,	65,	110,	5,	0,	567
Poison,	Null,	50,	50,	62,	40,	62,	65,	5,	0,	329
Poison,	Null,	80,	95,	82,	60,	82,	75,	5,	0,	474
Dark,	Null,	40,	65,	40,	80,	40,	65,	5,	0,	330
Dark,	Null,	60,	105,	60,	120,	60,	105,	5,	0,	510
Normal,	Null,	55,	50,	40,	40,	40,	75,	5,	0,	300
Normal,	Null,	75,	95,	60,	65,	60,	115,	5,	0,	470
Psychic,	Null,	45,	30,	50,	55,	65,	45,	5,	0,	290
Psychic,	Null,	60,	45,	70,	75,	85,	55,	5,	0,	390
Psychic,	Null,	70,	55,	95,	95,	110,	65,	5,	0,	490
Psychic,	Null,	45,	30,	40,	105,	50,	20,	5,	0,	290
Psychic,	Null,	65,	40,	50,	125,	60,	30,	5,	0,	370
Psychic,	Null,	110,	65,	75,	125,	85,	30,	5,	0,	490
Water,	Flying,	62,	44,	50,	44,	50,	55,	5,	0,	305
Water,	Flying,	75,	87,	63,	87,	63,	98,	5,	0,	473
Ice,	Null,	36,	50,	50,	65,	60,	44,	5,	0,	305
Ice,	Null,	51,	65,	65,	80,	75,	59,	5,	0,	395
Ice,	Null,	71,	95,	85,	110,	95,	79,	5,	0,	535
Normal,	Grass,	60,	60,	50,	40,	50,	75,	5,	0,	335
Normal,	Grass,	80,	100,	70,	60,	70,	95,	5,	0,	475
Electric,	Flying,	55,	75,	60,	75,	60,	103,	5,	0,	428
Bug,	Null,	50,	75,	45,	40,	45,	60,	5,	0,	315
Bug,	Steel,	70,	135,	105,	60,	105,	20,	5,	0,	495
Grass,	Poison,	69,	55,	45,	55,	55,	15,	5,	0,	294
Grass,	Poison,	114,	85,	70,	85,	80,	30,	5,	0,	464
Water,	Ghost,	55,	40,	50,	65,	85,	40,	5,	0,	335
Water,	Ghost,	100,	60,	70,	85,	105,	60,	5,	0,	480
Water,	Null,	165,	75,	80,	40,	45,	65,	5,	0,	470
Bug,	Electric,	50,	47,	50,	57,	50,	65,	5,	0,	319
Bug,	Electric,	70,	77,	60,	97,	60,	108,	5,	0,	472
Grass,	Steel,	44,	50,	91,	24,	86,	10,	5,	0,	305
Grass,	Steel,	74,	94,	131,	54,	116,	20,	5,	0,	489
Steel,	Null,	40,	55,	70,	45,	60,	30,	5,	0,	300
Steel,	Null,	60,	80,	95,	70,	85,	50,	5,	0,	440
Steel,	Null,	60,	100,	115,	70,	85,	90,	5,	0,	520
Electric,	Null,	35,	55,	40,	45,	40,	60,	5,	0,	275
Electric,	Null,	65,	85,	70,	75,	70,	40,	5,	0,	405
Electric,	Null,	85,	115,	80,	105,	80,	50,	5,	0,	515
Psychic,	Null,	55,	55,	55,	85,	55,	30,	5,	0,	335
Psychic,	Null,	75,	75,	75,	125,	95,	40,	5,	0,	485
Ghost,	Fire,	50,	30,	55,	65,	55,	20,	5,	0,	275
Ghost,	Fire,	60,	40,	60,	95,	60,	55,	5,	0,	370
Ghost,	Fire,	60,	55,	90,	145,	90,	80,	5,	0,	520
Dragon,	Null,	46,	87,	60,	30,	40,	57,	5,	0,	320
Dragon,	Null,	66,	117,	70,	40,	50,	67,	5,	0,	410
Dragon,	Null,	76,	147,	90,	60,	70,	97,	5,	0,	540
Ice,	Null,	55,	70,	40,	60,	40,	40,	5,	0,	305
Ice,	Null,	95,	110,	80,	70,	80,	50,	5,	0,	485
Ice,	Null,	70,	50,	30,	95,	135,	105,	5,	0,	485
Bug,	Null,	50,	40,	85,	40,	65,	25,	5,	0,	305
Bug,	Null,	80,	70,	40,	100,	60,	145,	5,	0,	495
Ground,	Electric,	109,	66,	84,	81,	99,	32,	5,	0,	471
Fighting,	Null,	45,	85,	50,	55,	50,	65,	5,	0,	350
Fighting,	Null,	65,	125,	60,	95,	60,	105,	5,	0,	510
Dragon,	Null,	77,	120,	90,	60,	90,	48,	5,	0,	485
Ground,	Ghost,	59,	74,	50,	35,	50,	35,	5,	0,	303
Ground,	Ghost,	89,	124,	80,	55,	80,	55,	5,	0,	483
Dark,	Steel,	45,	85,	70,	40,	40,	60,	5,	0,	340
Dark,	Steel,	65,	125,	100,	60,	70,	70,	5,	0,	490
Normal,	Null,	95,	110,	95,	40,	95,	55,	5,	0,	490
Normal,	Flying,	70,	83,	50,	37,	50,	60,	5,	0,	350
Normal,	Flying,	100,	123,	75,	57,	75,	80,	5,	0,	510
Dark,	Flying,	70,	55,	75,	45,	65,	60,	5,	0,	370
Dark,	Flying,	110,	65,	105,	55,	95,	80,	5,	0,	510
Fire,	Null,	85,	97,	66,	105,	66,	65,	5,	0,	484
Bug,	Steel,	58,	109,	112,	48,	48,	109,	5,	0,	484
Dark,	Dragon,	52,	65,	50,	45,	50,	38,	5,	0,	300
Dark,	Dragon,	72,	85,	70,	65,	70,	58,	5,	0,	420
Dark,	Dragon,	92,	105,	90,	125,	90,	98,	5,	0,	600
Bug,	Fire,	55,	85,	55,	50,	55,	60,	5,	0,	360
Bug,	Fire,	85,	60,	65,	135,	105,	100,	5,	0,	550
Steel,	Fighting,	91,	90,	129,	90,	72,	108,	5,	1,	580
Rock,	Fighting,	91,	129,	90,	72,	90,	108,	5,	1,	580
Grass,	Fighting,	91,	90,	72,	90,	129,	108,	5,	1,	580
Flying,	Null,	79,	115,	70,	125,	80,	111,	5,	1,	580
Flying,	Null,	79,	100,	80,	110,	90,	121,	5,	1,	580
Electric,	Flying,	79,	115,	70,	125,	80,	111,	5,	1,	580
Electric,	Flying,	79,	105,	70,	145,	80,	101,	5,	1,	580
Dragon,	Fire,	100,	120,	100,	150,	120,	90,	5,	1,	680
Dragon,	Electric,	100,	150,	120,	120,	100,	90,	5,	1,	680
Ground,	Flying,	89,	125,	90,	115,	80,	101,	5,	1,	600
Ground,	Flying,	89,	145,	90,	105,	80,	91,	5,	1,	600
Dragon,	Ice,	125,	130,	90,	130,	90,	95,	5,	1,	660
Dragon,	Ice,	125,	170,	100,	120,	90,	95,	5,	1,	700
Dragon,	Ice,	125,	120,	90,	170,	100,	95,	5,	1,	700
Water,	Fighting,	91,	72,	90,	129,	90,	108,	5,	0,	580
Water,	Fighting,	91,	72,	90,	129,	90,	108,	5,	0,	580
Normal,	Psychic,	100,	77,	77,	128,	128,	90,	5,	0,	600
Normal,	Fighting,	100,	128,	90,	77,	77,	128,	5,	0,	600
Bug,	Steel,	71,	120,	95,	120,	95,	99,	5,	0,	600
Grass,	Null,	56,	61,	65,	48,	45,	38,	6,	0,	313
Grass,	Null,	61,	78,	95,	56,	58,	57,	6,	0,	405
Grass,	Fighting,	88,	107,	122,	74,	75,	64,	6,	0,	530
Fire,	Null,	40,	45,	40,	62,	60,	60,	6,	0,	307
Fire,	Null,	59,	59,	58,	90,	70,	73,	6,	0,	409
Fire,	Psychic,	75,	69,	72,	114,	100,	104,	6,	0,	534
Water,	Null,	41,	56,	40,	62,	44,	71,	6,	0,	314
Water,	Null,	54,	63,	52,	83,	56,	97,	6,	0,	405
Water,	Dark,	72,	95,	67,	103,	71,	122,	6,	0,	530
Normal,	Null,	38,	36,	38,	32,	36,	57,	6,	0,	237
Normal,	Ground,	85,	56,	77,	50,	77,	78,	6,	0,	423
Normal,	Flying,	45,	50,	43,	40,	38,	62,	6,	0,	278
Fire,	Flying,	62,	73,	55,	56,	52,	84,	6,	0,	382
Fire,	Flying,	78,	81,	71,	74,	69,	126,	6,	0,	499
Bug,	Null,	38,	35,	40,	27,	25,	35,	6,	0,	200
Bug,	Null,	45,	22,	60,	27,	30,	29,	6,	0,	213
Bug,	Flying,	80,	52,	50,	90,	50,	89,	6,	0,	411
Fire,	Normal,	62,	50,	58,	73,	54,	72,	6,	0,	369
Fire,	Normal,	86,	68,	72,	109,	66,	106,	6,	0,	507
Fairy,	Null,	44,	38,	39,	61,	79,	42,	6,	0,	303
Fairy,	Null,	54,	45,	47,	75,	98,	52,	6,	0,	371
Fairy,	Null,	78,	65,	68,	112,	154,	75,	6,	0,	552
Grass,	Null,	66,	65,	48,	62,	57,	52,	6,	0,	350
Grass,	Null,	123,	100,	62,	97,	81,	68,	6,	0,	531
Fighting,	Null,	67,	82,	62,	46,	48,	43,	6,	0,	348
Fighting,	Dark,	95,	124,	78,	69,	71,	58,	6,	0,	495
Normal,	Null,	75,	80,	60,	65,	90,	102,	6,	0,	472
Psychic,	Null,	62,	48,	54,	63,	60,	68,	6,	0,	355
Psychic,	Null,	74,	48,	76,	83,	81,	104,	6,	0,	466
Psychic,	Null,	74,	48,	76,	83,	81,	104,	6,	0,	466
Steel,	Ghost,	45,	80,	100,	35,	37,	28,	6,	0,	325
Steel,	Ghost,	59,	110,	150,	45,	49,	35,	6,	0,	448
Steel,	Ghost,	60,	150,	50,	150,	50,	60,	6,	0,	520
Steel,	Ghost,	60,	50,	150,	50,	150,	60,	6,	0,	520
Fairy,	Null,	78,	52,	60,	63,	65,	23,	6,	0,	341
Fairy,	Null,	101,	72,	72,	99,	89,	29,	6,	0,	462
Fairy,	Null,	62,	48,	66,	59,	57,	49,	6,	0,	341
Fairy,	Null,	82,	80,	86,	85,	75,	72,	6,	0,	480
Dark,	Psychic,	53,	54,	53,	37,	46,	45,	6,	0,	288
Dark,	Psychic,	86,	92,	88,	68,	75,	73,	6,	0,	482
Rock,	Water,	42,	52,	67,	39,	56,	50,	6,	0,	306
Rock,	Water,	72,	105,	115,	54,	86,	68,	6,	0,	500
Poison,	Water,	50,	60,	60,	60,	60,	30,	6,	0,	320
Poison,	Dragon,	65,	75,	90,	97,	123,	44,	6,	0,	494
Water,	Null,	50,	53,	62,	58,	63,	44,	6,	0,	330
Water,	Null,	71,	73,	88,	120,	89,	59,	6,	0,	500
Electric,	Normal,	44,	38,	33,	61,	43,	70,	6,	0,	289
Electric,	Normal,	62,	55,	52,	109,	94,	109,	6,	0,	481
Rock,	Dragon,	58,	89,	77,	45,	45,	48,	6,	0,	362
Rock,	Dragon,	82,	121,	119,	69,	59,	71,	6,	0,	521
Rock,	Ice,	77,	59,	50,	67,	63,	46,	6,	0,	362
Rock,	Ice,	123,	77,	72,	99,	92,	58,	6,	0,	521
Fairy,	Null,	95,	65,	65,	110,	130,	60,	6,	0,	525
Fighting,	Flying,	78,	92,	75,	74,	63,	118,	6,	0,	500
Electric,	Fairy,	67,	58,	57,	81,	67,	101,	6,	0,	431
Rock,	Fairy,	50,	50,	150,	50,	150,	50,	6,	0,	500
Dragon,	Null,	45,	50,	35,	55,	75,	40,	6,	0,	300
Dragon,	Null,	68,	75,	53,	83,	113,	60,	6,	0,	452
Dragon,	Null,	90,	100,	70,	110,	150,	80,	6,	0,	600
Steel,	Fairy,	57,	80,	91,	80,	87,	75,	6,	0,	470
Ghost,	Grass,	43,	70,	48,	50,	60,	38,	6,	0,	309
Ghost,	Grass,	85,	110,	76,	65,	82,	56,	6,	0,	474
Ghost,	Grass,	49,	66,	70,	44,	55,	51,	6,	0,	335
Ghost,	Grass,	44,	66,	70,	44,	55,	56,	6,	0,	335
Ghost,	Grass,	54,	66,	70,	44,	55,	46,	6,	0,	335
Ghost,	Grass,	59,	66,	70,	44,	55,	41,	6,	0,	335
Ghost,	Grass,	65,	90,	122,	58,	75,	84,	6,	0,	494
Ghost,	Grass,	55,	85,	122,	58,	75,	99,	6,	0,	494
Ghost,	Grass,	75,	95,	122,	58,	75,	69,	6,	0,	494
Ghost,	Grass,	85,	100,	122,	58,	75,	54,	6,	0,	494
Ice,	Null,	55,	69,	85,	32,	35,	28,	6,	0,	304
Ice,	Null,	95,	117,	184,	44,	46,	28,	6,	0,	514
Flying,	Dragon,	40,	30,	35,	45,	40,	55,	6,	0,	245
Flying,	Dragon,	85,	70,	80,	97,	80,	123,	6,	0,	535
Fairy,	Null,	126,	131,	95,	131,	98,	99,	6,	1,	680
Dark,	Flying,	126,	131,	95,	131,	98,	99,	6,	1,	680
Dragon,	Ground,	108,	100,	121,	81,	95,	95,	6,	1,	600
Rock,	Fairy,	50,	100,	150,	100,	150,	50,	6,	1,	600
Rock,	Fairy,	50,	160,	110,	160,	110,	110,	6,	1,	700
Psychic,	Ghost,	80,	110,	60,	150,	130,	70,	6,	1,	600
Psychic,	Dark,	80,	160,	60,	170,	130,	80,	6,	1,	680
Fire,	Water,	80,	110,	120,	130,	90,	70,	6,	1,	600
